0 0.9350961538461537 0.453125 0.028846153846153855 0.02644230769230771
0 0.7632211538461539 0.47115384615384615 0.07091346153846145 0.07331730769230771
1 0.9555288461538461 0.2692307692307692 0.08774038461538458 0.21033653846153844
1 0.8040865384615385 0.3473557692307692 0.31971153846153844 0.34615384615384615
1 0.5 0.4699519230769231 0.6826923076923077 0.6177884615384616
1 0.622596153846154 0.18389423076923078 0.08173076923076927 0.07331730769230771
1 0.46875 0.13341346153846154 0.12259615384615374 0.05408653846153848
1 0.2776442307692308 0.20552884615384612 0.14783653846153844 0.10216346153846151
1 0.1358173076923077 0.20913461538461536 0.15264423076923084 0.12019230769230768
1 0.032451923076923184 0.2127403846153846 0.06370192307692302 0.13942307692307693
